     2
     5
     4
    10
    13
     9
     8
     5
     9
     8
     5
     2
     7
    11
     8
    28
    21
    12
     8
     8
     6
    11
     6
     5
     6
     6
     5
     5
     3
     6
     4
     4
     2
     7
    14
    18
    37
    48
    39
    34
    32
    25
    15
    11
     7
     6
     6
     5
     5
     5
     9
     7
    12
    10
    12
     7
    12
    14
    19
    14
     7
     6
     9
     4
     5
     6
     5
     7
     9
     7
     5
     1
     1
     4
     5
    14
    13
    10
    10
    13
     7
     8
     7
     7
     7
     9
    15
    16
     8
     8
     8
     8
     7
     5
     7
    13
    17
    12
     9
     9
     4
     5
     5
     8
     7
     9
    18
    22
    13
    13
     8
     2
     2
     6
     9
    10
     8
     6
     7
     6
    10
     7
     8
     9
     5
     2
     6
    11
    17
    18
    11
    11
     8
     6
     5
     5
     2
     2
     3
     3
     7
     4
     2
     4
     3
     4
     0
     0
     9
    13
    18
    12
    12
    12
    13
     9
     6
    14
    15
    14
    20
    21
    17
    13
    20
    26
    22
    18
    22
    16
    22
    19
    23
    21
    25
    19
    22
    18
     9
     7
     2
     1
     3
     2
     4
     5
     4
     4
     3
     3
     4
     5
     7
    11
     6
     4
     3
     3
     4
     3
     5
     4
     7
     3
     4
     4
    10
     7
     5
     4
     4
     7
     3
     3
     2
     5
     5
     3
     8
    10
    12
    16
    17
    14
    15
    10
     8
    10
     8
     8
     7
    11
    16
    11
    12
     9
     3
    13
    11
     7
    10
    13
    13
    12
    15
    12
     6
    10
     9
     4
     3
     6
     5
     6
     5
     6
     5
     6
     4
     7
     9
     7
     2
     1
     3
     3
     8
     4
     5
     9
    32
    39
    42
    46
    46
     6
     6
    10
     4
     8
     7
     7
     7
     8
     4
     4
     5
     6
     3
     3
     3
     2
     3
     5
     3
     5
     3
     7
     6
     9
     7
     7
     9
     6
     5
     7
     9
     7
     5
     2
     0
     4
     9
     8
     1
     2
     3
     2
     1
     2
     2
     3
     4
     3
     6
     3
     2
     4
     4
     5
     3
     7
     6
     5
     7
     8
     8
     3
     2
     8
    13
    14
     9
     4
     3
     5
     7
     9
     6
     9
     9
    12
     7
     3
     2
     3
     4
     2
     1
     2
     5
     8
     6
     8
    11
     5
     5
     5
     7
    13
    18
    18
    15
    12
     9
    11
     9
     2
     2
     5
     2
     5
     4
     5
     9
    11
     5
     3
     5
     2
     4
     8
     7
     8
     7
     6
     6
     5
    21
    10
    21
    42
    46
    41
    70
    55
    56
    67
    58
    46
    61
    48
    25
    24
    16
     6
    12
    13
    18
     8
     7
    10
    10
     7
     6
     9
     4
     9
     9
     4
     3
     7
    10
     8
     8
     7
     8
    10
     6
     6
     6
     2
     7
     5
     8
     5
     5
     8
     4
     6
     1
     3
     8
     9
     7
     9
    12
     7
     3
     7
     9
     9
     6
     8
     5
     4
     2
     4
     2
     4
     7
     4
     9
    11
    12
    12
     8
    10
     9
    12
     6
     8
     6
     3
     0
     4
     3
     7
     9
     9
     7
    22
    18
    21
    15
     8
     7
     5
    10
    12
     6
     5
     3
     4
     4
     8
    18
    16
    19
    59
    92
   107
   144
   139
    99
    71
    43
    21
    17
    19
    11
     9
     4
     3
     4
     4
    10
    11
    13
     8
     2
     9
    27
    53
    84
    86
    74
    33
    11
     8
     6
    15
    15
    21
    27
    35
    34
    35
    46
    46
    45
    51
    42
    40
    35
    32
    40
    31
    15
    10
     8
     4
     1
     1
     4
     5
     2
    10
    11
    17
    13
    11
     5
     8
     4
     4
     1
     2
     9
     4
     6
     9
     6
     5
    10
     4
     9
     6
     7
    10
    12
    13
    19
    17
     9
     8
     2
     4
     2
     5
     9
     8
     9
     5
     6
     5
     6
     7
     1
     3
     6
     7
     8
     5
     8
    17
    16
    10
     5
     9
     7
     8
    12
    10
    10
    14
     8
     6
     3
     8
    12
    23