Site	Chr	Pos1	Pos2	Female	Male
11p13_q1m	11	31814034	31814078	2	2
11p13_q2m	11	32138345	32138394	2	2
11p13_q3m	11	32303851	32303901	2	2
11q23-01	11	111974709	111974759	2	2
11q23-02	11	113331106	113331152	2	2
11q23-03	11	115520922	115520965	2	2
11q23-04	11	116871491	116871533	2	2
11q23-05	11	119521766	119521812	2	2
14q22-01	14	53905557	53905613	2	2
15q25.2-01	15	83638786	83638837	2	2
21q22.11-01	21	34616460	34616503	2	2
21q22.11-02	21	34787992	34788042	2	2
21q22.11-03	21	34926459	34926508	2	2
21q22.11-04	21	35107310	35107351	2	2
22_01	22	16877828	16877874	2	2
22_02	16	33923050	33923099	2	2
22_03	21	9439073	9439112	2	2
22_04	22	17447338	17447384	2	2
22_05	22	17305107	17305155	2	2
2p21_01	2	44413021	44413076	2	2
2p21_02	2	44503184	44503232	2	2
2p21_03	2	44508631	44508679	2	2
2p21_04	2	44545785	44545842	2	2
2p21_05	2	44553205	44553250	2	2
2p21_06	2	44575611	44575671	2	2
5q31.3_01	5	139292737	139292779	2	2
5q31.3_02	5	139418905	139418951	2	2
5q31.3_03	5	139511585	139511632	2	2
6p22-p24-01	6	16843304	16843350	2	2
6p22-p24-02	6	17036056	17036105	2	2
6p22-p24-03	6	17401858	17401911	2	2
6p22-p24-04	6	17409867	17409916	2	2
6q16-01	6	100882067	100882109	2	2
6q16-02	6	100843260	100843309	2	2
6q16-03	6	100927202	100927247	2	2
C01.001A	1	864330	864373	2	2
C01.002A	1	958910	960100	2	2
C01.003A	1	1087276	1087319	2	2
C01.004A	1	1270961	1271081	2	2
C01.005A	1	1333543	1334587	2	2
C01.006A	1	1860755	1860794	2	2
C01.007A	1	2394326	2394623	2	2
C01.008A	1	3098722	3098765	2	2
C01.009B	1	7913510	7913554	2	2
C01.010B	1	7972115	7972161	2	2
C01.011B	1	8037222	8037267	2	2
C01.012B	1	8114679	8114728	2	2
C01.013A	1	8916522	8916568	2	2
C01.014B	1	9370002	9370044	2	2
C01.015A	1	10511459	10511502	2	2
C01.016B	1	11140830	11140872	2	2
C01.017A	1	11186781	11186822	2	2
C01.018A	1	11217288	11217329	2	2
C01.019A	1	11254016	11254510	2	2
C01.020A	1	11288796	11288840	2	2
C01.021A	1	11709300	11709530	2	2
C01.022A	1	12202839	12202881	2	2
C01.023B	1	15639638	15639682	2	2
C01.024B	1	16043211	16043254	2	2
C01.025B	1	16199350	16199393	2	2
C01.026B	1	16330730	16330774	2	2
C01.027B	1	16641805	16641848	2	2
C01.029B	1	31819512	31819557	2	2
C01.030B	1	32257914	32257957	2	2
C01.031B	1	32541295	32541339	2	2
C01.032B	1	32834062	32834107	2	2
C01.033B	1	40997268	40997311	2	2
C01.034B	1	41159001	41159043	2	2
C01.035B	1	41241983	41242025	2	2
C01.036B	1	41326957	41327000	2	2
C01.037B	1	41750874	41750917	2	2
C01.038B	1	62971413	62971461	2	2
C01.039B	1	64563459	64563508	2	2
C01.040B	1	64609154	64609199	2	2
C01.041B	1	64696177	64696221	2	2
C01.042B	1	67450508	67450557	2	2
C01.043B	1	104868136	104868185	2	2
C01.044B	1	105524577	105524622	2	2
C01.045B	1	106497824	106497873	2	2
C01.046B	1	107045754	107045800	2	2
C01.047B	1	107866903	107866947	2	2
C01.048A	1	120471007	120471056	2	2
C01.049A	1	145438511	145438556	2	2
C01.050A	1	145507271	145507710	2	2
C01.051A	1	145513338	145513384	2	2
C01.052A	1	145556637	145556683	2	2
C01.053A	1	145630220	145630268	2	2
C01.054A	1	145695995	145696041	2	2
C01.055A	1	145747034	145747082	2	2
C01.056A	1	146627509	146627556	2	2
C01.057B	1	146696498	146696542	2	2
C01.058B	1	146807483	146807530	2	2
C01.059A	1	146942337	146942382	2	2
C01.060B	1	147083422	147083462	2	2
C01.061A	1	147120072	147120120	2	2
C01.062A	1	147213014	147213059	2	2
C01.063A	1	147293812	147293857	2	2
C01.064A	1	147363445	147363489	2	2
C01.065B	1	150082605	150082654	2	2
C01.066B	1	153974305	153974350	2	2
C01.067B	1	165322330	165322373	2	2
C01.068B	1	166732607	166732651	2	2
C01.069B	1	166786778	166786825	2	2
C01.070B	1	166845585	166845626	2	2
C01.071B	1	167218261	167218308	2	2
C01.072B	1	226055632	226055676	2	2
C01.073B	1	226751005	226751047	2	2
C01.074B	1	227181076	227181119	2	2
C01.075B	1	227602284	227602330	2	2
C01.076B	1	228334226	228334266	2	2
C01.077B	1	238535910	238535958	2	2
C01.078B	1	238577031	238577073	2	2
C01.079B	1	238698479	238698525	2	2
C01.080B	1	238816971	238817022	2	2
C01.081B	1	239360010	239360059	2	2
C01.082A	1	243782460	243782508	2	2
C01.083A	1	244231937	244232600	2	2
C01.084A	1	244780932	244780979	2	2
C01.085A	1	245028377	245028419	2	2
C01.086A	1	245159866	245159915	2	2
C01.087A	1	245346873	245346920	2	2
C01.088A	1	245636709	245636752	2	2
C01.089A	1	245777810	245777855	2	2
C01.090A	1	246625667	246625710	2	2
C01.091B	1	246739575	246739619	2	2
C01.092B	1	247293650	247293702	2	2
C01.093A	1	247491190	247491232	2	2
C01.094B	1	248051427	248051475	2	2
C01.095A	1	248260645	248261145	2	2
C01.096B	1	248567563	248567610	2	2
C02.001A	2	39116	39158	2	2
C02.002A	2	229992	230038	2	2
C02.003A	2	339675	339720	2	2
C02.004A	2	495035	495082	2	2
C02.005A	2	855239	855887	2	2
C02.006A	2	1227248	1227287	2	2
C02.007A	2	2067258	2067301	2	2
C02.008B	2	4662722	4662770	2	2
C02.009B	2	7179772	7179812	2	2
C02.010B	2	10271339	10271385	2	2
C02.011B	2	14774100	14774143	2	2
C02.013B	2	41366899	41366943	2	2
C02.014B	2	42020097	42020145	2	2
C02.015B	2	42950055	42950101	2	2
C02.016B	2	43575827	43575872	2	2
C02.017B	2	44396657	44396701	2	2
C02.018A	2	50826864	50826911	2	2
C02.019A	2	50850451	50850493	2	2
C02.020A	2	50860593	50860639	2	2
C02.021A	2	50868494	50868537	2	2
C02.022A	2	50890455	50890504	2	2
C02.023A	2	50914953	50914998	2	2
C02.024A	2	50947056	50947104	2	2
C02.025A	2	51113492	51113538	2	2
C02.026A	2	51173573	51173621	2	2
C02.027A	2	51195300	51195348	2	2
C02.028A	2	51208046	51208092	2	2
C02.029A	2	51217938	51217985	2	2
C02.030A	2	59617975	59618018	2	2
C02.031A	2	59971197	59971241	2	2
C02.032A	2	60386223	60386268	2	2
C02.033A	2	60995912	60995960	2	2
C02.034A	2	61708372	61708421	2	2
C02.035A	2	62280815	62280862	2	2
C02.036B	2	64860709	64860753	2	2
C02.037B	2	68765234	68765280	2	2
C02.038B	2	73482355	73482394	2	2
C02.039B	2	80529344	80529386	2	2
C02.040A	2	84957329	84957373	2	2
C02.041B	2	96754320	96754368	2	2
C02.042B	2	97130678	97130724	2	2
C02.043B	2	97529420	97529463	2	2
C02.044A	2	110873495	110873536	2	2
C02.045A	2	110907758	110907800	2	2
C02.046A	2	110932071	110932122	2	2
C02.047A	2	110954930	110954977	2	2
C02.048B	2	123135383	123135430	2	2
C02.049B	2	124783222	124783266	2	2
C02.050B	2	126049099	126049147	2	2
C02.051B	2	127267305	127267348	2	2
C02.052B	2	128520474	128520521	2	2
C02.053B	2	144108965	144109009	2	2
C02.054B	2	145021967	145022013	2	2
C02.055B	2	145086407	145086450	2	2
C02.056B	2	145201372	145201419	2	2
C02.057A	2	148778576	148778615	2	2
C02.058B	2	148934888	148934933	2	2
C02.059B	2	148944527	148944578	2	2
C02.060B	2	148953565	148953613	2	2
C02.061A	2	149031422	149031471	2	2
C02.062A	2	149215997	149216040	2	2
C02.063A	2	149829850	149829894	2	2
C02.064A	2	150170703	150171543	2	2
C02.065A	2	151903369	151903417	2	2
C02.066B	2	155308914	155308963	2	2
C02.067B	2	157181689	157181735	2	2
C02.068B	2	174633840	174633889	2	2
C02.069B	2	174938888	174938933	2	2
C02.070B	2	175711749	175711794	2	2
C02.071B	2	176126799	176126847	2	2
C02.072B	2	176679956	176679999	2	2
C02.073B	2	183387515	183387560	2	2
C02.074B	2	186896862	186896906	2	2
C02.075B	2	186966293	186966342	2	2
C02.076B	2	187031445	187031487	2	2
C02.077B	2	189156496	189156538	2	2
C02.078B	2	196709827	196709874	2	2
C02.079A	2	197122574	197122617	2	2
C02.080B	2	198262706	198262751	2	2
C02.081B	2	200173564	200173606	2	2
C02.082B	2	200246944	200246989	2	2
C02.083B	2	200255475	200255521	2	2
C02.084B	2	200265672	200265718	2	2
C02.085B	2	200298113	200298155	2	2
C02.086A	2	201342677	201342725	2	2
C02.087A	2	202485634	202485678	2	2
C02.088A	2	204031971	204032020	2	2
C02.089A	2	207651565	207651614	2	2
C02.090A	2	210794641	210794687	2	2
C02.091B	2	223807867	223807913	2	2
C02.092B	2	224549181	224549228	2	2
C02.093B	2	224647908	224647952	2	2
C02.094B	2	224840108	224840156	2	2
C02.095B	2	225147241	225147284	2	2
C02.096B	2	231050489	231050533	2	2
C02.097B	2	232839856	232839898	2	2
C02.098B	2	233103271	233103319	2	2
C02.099B	2	233386258	233386306	2	2
C02.100B	2	234681497	234681538	2	2
C02.101A	2	237246847	237246895	2	2
C02.102A	2	238831466	238832400	2	2
C02.103A	2	239938854	239938899	2	2
C02.104A	2	239969913	239969962	2	2
C02.105A	2	240153818	240153860	2	2
C02.106A	2	240264580	240264620	2	2
C02.107A	2	241570489	241570531	2	2
C02.108A	2	241653215	241653258	2	2
C02.109A	2	241979494	241979536	2	2
C02.110A	2	242194474	242194517	2	2
C02.111A	2	242219833	242219881	2	2
C02.112A	2	242257663	242257705	2	2
C02.113A	2	242316629	242316673	2	2
C02.114A	2	242608236	242608279	2	2
C03.001A	3	672926	672975	2	2
C03.002A	3	1443174	1443223	2	2
C03.003A	3	2142263	2142306	2	2
C03.004A	3	3044255	3044300	2	2
C03.005A	3	3103942	3103991	2	2
C03.006A	3	3192261	3192310	2	2
C03.007A	3	3300494	3301450	2	2
C03.008A	3	3886104	3886152	2	2
C03.009A	3	4536153	4536192	2	2
C03.010A	3	5163971	5164011	2	2
C03.011A	3	6258014	6258063	2	2
C03.012B	3	10018655	10018704	2	2
C03.013B	3	10053260	10053301	2	2
C03.014B	3	10145880	10145924	2	2
C03.015B	3	10212114	10212166	2	2
C03.016B	3	10397343	10397387	2	2
C03.017B	3	11583030	11583072	2	2
C03.018B	3	12196420	12196463	2	2
C03.019B	3	14178882	14178923	2	2
C03.020B	3	16254081	16254124	2	2
C03.021B	3	17782174	17782218	2	2
C03.022A	3	90195602	90195651	2	2
C03.023A	3	93577150	93577194	2	2
C03.024A	3	101038520	101038566	2	2
C03.025A	3	105621012	105621059	2	2
C03.026A	3	109435691	109435733	2	2
C03.027A	3	112335564	112335609	2	2
C03.028A	3	113060678	113060727	2	2
C03.029A	3	113658791	113658835	2	2
C03.030A	3	114342961	114343008	2	2
C03.031A	3	114870876	114870920	2	2
C03.032B	3	121448776	121448820	2	2
C03.033B	3	121647843	121647889	2	2
C03.034B	3	121903280	121903322	2	2
C03.035B	3	122143503	122143552	2	2
C03.036B	3	122808096	122808144	2	2
C03.037B	3	137893572	137893611	2	2
C03.038B	3	138117343	138117387	2	2
C03.039B	3	138410072	138410120	2	2
C03.040B	3	138478137	138478184	2	2
C03.041B	3	138609715	138609763	2	2
C03.042A	3	178543448	178543493	2	2
C03.043A	3	182554171	182554216	2	2
C03.044A	3	187388155	187388196	2	2
C03.045B	3	187495270	187495315	2	2
C03.046B	3	188136831	188136880	2	2
C03.047B	3	188643044	188643091	2	2
C03.048B	3	189320451	189320494	2	2
C03.049B	3	190262378	190262422	2	2
C03.050A	3	195923166	195923362	2	2
C03.051A	3	196230175	196230219	2	2
C03.052A	3	196657793	196657839	2	2
C03.053A	3	197299885	197299933	2	2
C04.001B	4	101768	101817	2	2
C04.002A	4	279450	279499	2	2
C04.003A	4	629504	629546	2	2
C04.004A	4	1318740	1318786	2	2
C04.005B	4	1513164	1513203	2	2
C04.006B	4	1718520	1718563	2	2
C04.007A	4	1875104	1875304	2	2
C04.008A	4	1932373	1932418	2	2
C04.009A	4	1957875	1957921	2	2
C04.010A	4	2513414	2513457	2	2
C04.011A	4	3484994	3485033	2	2
C04.012A	4	4387831	4388331	2	2
C04.013A	4	6711370	6711412	2	2
C04.014A	4	8318083	8318125	2	2
C04.015A	4	12031878	12031926	2	2
C04.016A	4	13542552	13542592	2	2
C04.017A	4	15937610	15937655	2	2
C04.019A	4	49083645	49083702	2	2
C04.020B	4	53956269	53956318	2	2
C04.021B	4	55095262	55095306	2	2
C04.022B	4	55427012	55427055	2	2
C04.023B	4	55808565	55808611	2	2
C04.024B	4	57796055	57796098	2	2
C04.025A	4	76841077	76841121	2	2
C04.026A	4	81974670	81974717	2	2
C04.027A	4	82510508	82510557	2	2
C04.028A	4	83218238	83218285	2	2
C04.029B	4	83261157	83261205	2	2
C04.030B	4	83520779	83520826	2	2
C04.031B	4	83745710	83745757	2	2
C04.032A	4	83772695	83772740	2	2
C04.033B	4	84222532	84222577	2	2
C04.034A	4	84854578	84853623	2	2
C04.035A	4	86922483	86922528	2	2
C04.036A	4	91525034	91525077	2	2
C04.037B	4	140638414	140638461	2	2
C04.038B	4	146019609	146019652	2	2
C04.039B	4	152571658	152571699	2	2
C04.040B	4	157886428	157886475	2	2
C04.041B	4	164245757	164245805	2	2
C04.043B	4	176572978	176573025	2	2
C04.044B	4	177084226	177084274	2	2
C04.045B	4	177654705	177654756	2	2
C04.046B	4	178514626	178514675	2	2
C04.047B	4	179320065	179320113	2	2
C04.048B	4	184016488	184016537	2	2
C04.049B	4	184275307	184275350	2	2
C04.050B	4	184670294	184670341	2	2
C04.051B	4	185045314	185045361	2	2
C04.052A	4	190790736	190790786	2	2
C05.001A	5	465393	466000	2	2
C05.002A	5	982556	982599	2	2
C05.003A	5	1544504	1544548	2	2
C05.004A	5	1564697	1564737	2	2
C05.005A	5	1594121	1594161	2	2
C05.006A	5	1642634	1642678	2	2
C05.007A	5	2010170	2010214	2	2
C05.008A	5	2415006	2415055	2	2
C05.009A	5	3420891	3420934	2	2
C05.010A	5	5222900	5222947	2	2
C05.011A	5	7709434	7709478	2	2
C05.012A	5	9695937	9695980	2	2
C05.013A	5	13391503	13391550	2	2
C05.014A	5	15048145	15048192	2	2
C05.015A	5	18350650	18350691	2	2
C05.016B	5	36035632	36035681	2	2
C05.017B	5	36384425	36384471	2	2
C05.018B	5	36553035	36553078	2	2
C05.019B	5	36756621	36756670	2	2
C05.020B	5	38881693	38881738	2	2
C05.021A	5	45900737	45900782	2	2
C05.022A	5	50761183	50761228	2	2
C05.023B	5	89325633	89325682	2	2
C05.024B	5	89528204	89528253	2	2
C05.025B	5	89923270	89923312	2	2
C05.026B	5	90368338	90368379	2	2
C05.027B	5	90739171	90739214	2	2
C05.028B	5	107703547	107703595	2	2
C05.029B	5	108133879	108133925	2	2
C05.030B	5	108671044	108671092	2	2
C05.031B	5	109202620	109202669	2	2
C05.032B	5	109655936	109655980	2	2
C05.033B	5	113603714	113603759	2	2
C05.034B	5	116304438	116304482	2	2
C05.035B	5	118556190	118556237	2	2
C05.036B	5	121400869	121400915	2	2
C05.037B	5	123589871	123589918	2	2
C05.038B	5	125819172	125819219	2	2
C05.039B	5	125929478	125929524	2	2
C05.040B	5	126113694	126113740	2	2
C05.041B	5	126162720	126162764	2	2
C05.042B	5	138208863	138208910	2	2
C05.043B	5	138678244	138678288	2	2
C05.044B	5	139303434	139303482	2	2
C05.045B	5	139820597	139820646	2	2
C05.046B	5	145205573	145205618	2	2
C05.047B	5	149631586	149631628	2	2
C05.048A	5	161494719	161494763	2	2
C05.049A	5	164513862	164513908	2	2
C05.050A	5	166319344	166319391	2	2
C05.051A	5	168180955	168180996	2	2
C05.052A	5	170235680	170235727	2	2
C05.053B	5	172860308	172860348	2	2
C05.054B	5	173383108	173383151	2	2
C05.055B	5	173566971	173567018	2	2
C05.056B	5	173705907	173705957	2	2
C05.057B	5	174130348	174130391	2	2
C05.058A	5	175812289	175812332	2	2
C05.059A	5	176165201	176165248	2	2
C05.060A	5	176562722	176562767	2	2
C05.061A	5	176665300	176665346	2	2
C05.062A	5	176700710	176700755	2	2
C05.063A	5	176946034	176946081	2	2
C05.064A	5	180698242	180698284	2	2
C06.001A	6	931392	931440	2	2
C06.002A	6	1448869	1448913	2	2
C06.003A	6	1604341	1604841	2	2
C06.004A	6	1613254	1613461	2	2
C06.005A	6	1614859	1614905	2	2
C06.006A	6	1726649	1726698	2	2
C06.007A	6	1850392	1850437	2	2
C06.008A	6	2198381	2198427	2	2
C06.009A	6	3113623	3113667	2	2
C06.010A	6	4426687	4426730	2	2
C06.011B	6	6266868	6266912	2	2
C06.012B	6	6770275	6770323	2	2
C06.013B	6	7187686	7187733	2	2
C06.014B	6	7611723	7611768	2	2
C06.015B	6	8240202	8240250	2	2
C06.016B	6	16300002	16300049	2	2
C06.017B	6	16761628	16761670	2	2
C06.018B	6	17093366	17093406	2	2
C06.019B	6	20100263	20100307	2	2
C06.020B	6	25554280	25554327	2	2
C06.021A	6	58612838	58612889	2	2
C06.022A	6	71321914	71321959	2	2
C06.023B	6	99382662	99382710	2	2
C06.024B	6	100160424	100160467	2	2
C06.025B	6	100911339	100911386	2	2
C06.026B	6	101489040	101489088	2	2
C06.027B	6	108372235	108372284	2	2
C06.028B	6	112386057	112386099	2	2
C06.029B	6	117710526	117710567	2	2
C06.031B	6	156839581	156839625	2	2
C06.032B	6	157287125	157287171	2	2
C06.033B	6	157338784	157338832	2	2
C06.034B	6	157410430	157410477	2	2
C06.035B	6	157710814	157710858	2	2
C06.037A	6	168990171	168990215	2	2
C06.038A	6	169614931	169614974	2	2
C06.039A	6	169857522	169857562	2	2
C06.040A	6	170166933	170166977	2	2
C06.041A	6	170428607	170428651	2	2
C06.042A	6	170575699	170575745	2	2
C07.001B	7	143437	143487	2	2
C07.002B	7	339126	339172	2	2
C07.003B	7	638220	638264	2	2
C07.004B	7	1070934	1070977	2	2
C07.005B	7	1562733	1562775	2	2
C07.006A	7	5232093	5232137	2	2
C07.007A	7	5460930	5460972	2	2
C07.008A	7	5618379	5618427	2	2
C07.009A	7	5692074	5692120	2	2
C07.010A	7	5732486	5732530	2	2
C07.011A	7	5792355	5792404	2	2
C07.012A	7	5835557	5835604	2	2
C07.014B	7	18720301	18720344	2	2
C07.015B	7	19201993	19202040	2	2
C07.016B	7	19325635	19325684	2	2
C07.017B	7	19443017	19443064	2	2
C07.018B	7	19629264	19629312	2	2
C07.019A	7	21200798	21201790	2	2
C07.020A	7	21781541	21781589	2	2
C07.021A	7	23383905	23383946	2	2
C07.022A	7	24486677	24486720	2	2
C07.023A	7	26452464	26452513	2	2
C07.024A	7	57318846	57318895	2	2
C07.025A	7	62509685	62509734	2	2
C07.026B	7	69947686	69947731	2	2
C07.027B	7	69970225	69970271	2	2
C07.028B	7	70063603	70063647	2	2
C07.029B	7	70203040	70203085	2	2
C07.030A	7	72858312	72858353	2	2
C07.031A	7	73113632	73113675	2	2
C07.032A	7	73262113	73262156	2	2
C07.033A	7	73483725	73483766	2	2
C07.034A	7	74020336	74021050	2	2
C07.035A	7	74071135	74071978	2	2
C07.036A	7	75185332	75185375	2	2
C07.037A	7	75517935	75517976	2	2
C07.038A	7	75877518	75877559	2	2
C07.039A	7	75998425	75998468	2	2
C07.040B	7	95125327	95125375	2	2
C07.041B	7	95727305	95727352	2	2
C07.042B	7	96339166	96339210	2	2
C07.043B	7	96970939	96970982	2	2
C07.044B	7	117307317	117307363	2	2
C07.045B	7	117824100	117824142	2	2
C07.046B	7	118550113	118550160	2	2
C07.047B	7	119295655	119295700	2	2
C07.048B	7	120388125	120388169	2	2
C07.049A	7	139121221	139121271	2	2
C07.051B	7	150171254	150171303	2	2
C07.052B	7	151064116	151064164	2	2
C07.053B	7	151411071	151411116	2	2
C07.054B	7	151818011	151818051	2	2
C07.055B	7	152160314	152160359	2	2
C07.056A	7	155715254	155715294	2	2
C07.057A	7	156931953	156931995	2	2
C07.058A	7	157952036	157952079	2	2
C07.059A	7	158141222	158141560	2	2
C07.060A	7	158394764	158394807	2	2
C07.061A	7	159001000	159001148	2	2
C07.062A	7	159029030	159029073	2	2
C08.001A	8	413101	413146	2	2
C08.002A	8	751350	751890	2	2
C08.003A	8	962765	963365	2	2
C08.004A	8	1223303	1223848	2	2
C08.005A	8	2130160	2130199	2	2
C08.006A	8	3425286	3425332	2	2
C08.007A	8	6302778	6302819	2	2
C08.008A	8	8244906	8244949	2	2
C08.009A	8	8993992	8994036	2	2
C08.010A	8	9953161	9953204	2	2
C08.011A	8	10782158	10782203	2	2
C08.012A	8	11617710	11617755	2	2
C08.013A	8	11654830	11654884	2	2
C08.014A	8	11696284	11696328	2	2
C08.015A	8	14273339	14273388	2	2
C08.016A	8	16184288	16184335	2	2
C08.017A	8	22029000	22029250	2	2
C08.018B	8	26513447	26513491	2	2
C08.019A	8	32405798	32405840	2	2
C08.020A	8	36629419	36630000	2	2
C08.021B	8	38268680	38268726	2	2
C08.022B	8	38934852	38934895	2	2
C08.023B	8	39792681	39792725	2	2
C08.024B	8	41549065	41549110	2	2
C08.025A	8	42704808	42704856	2	2
C08.026A	8	53135152	53135197	2	2
C08.027B	8	61433252	61433297	2	2
C08.028B	8	61535320	61535361	2	2
C08.029B	8	61571112	61571159	2	2
C08.030B	8	61879411	61879454	2	2
C08.031B	8	72124100	72124146	2	2
C08.032B	8	72191721	72191765	2	2
C08.033B	8	72268698	72268744	2	2
C08.034B	8	72314415	72314458	2	2
C08.035B	8	72467786	72467829	2	2
C08.036B	8	76290612	76290658	2	2
C08.037B	8	77616281	77616325	2	2
C08.038B	8	78565649	78565696	2	2
C08.039B	8	79717174	79717216	2	2
C08.040B	8	93846230	93846275	2	2
C08.041B	8	94053261	94053306	2	2
C08.042B	8	94279746	94279789	2	2
C08.043B	8	94507999	94508043	2	2
C08.044B	8	95205232	95205275	2	2
C08.045B	8	104831496	104831542	2	2
C08.046B	8	106066007	106066050	2	2
C08.047B	8	106365688	106365736	2	2
C08.048B	8	106670366	106670413	2	2
C08.049B	8	107858568	107858612	2	2
C08.050B	8	118188050	118188095	2	2
C08.051B	8	119941124	119941169	2	2
C08.052B	8	120257097	120257140	2	2
C08.053B	8	120596208	120596255	2	2
C08.054B	8	120963642	120963686	2	2
C08.056B	8	131331096	131331141	2	2
C08.057B	8	133722372	133722415	2	2
C08.058B	8	136554969	136555014	2	2
C08.059B	8	138200454	138200496	2	2
C08.060B	8	140629895	140629937	2	2
C08.061B	8	145086674	145086716	2	2
C08.062B	8	145138366	145138409	2	2
C08.063B	8	145181490	145181537	2	2
C08.064B	8	145502957	145503004	2	2
C08.065B	8	145757519	145757562	2	2
C09.001A	9	469872	470172	2	2
C09.002A	9	708585	708785	2	2
C09.003A	9	968652	968694	2	2
C09.004A	9	1318373	1318418	2	2
C09.005A	9	2077665	2077706	2	2
C09.006A	9	3219921	3219964	2	2
C09.007A	9	5080549	5080595	2	2
C09.008A	9	5570024	5570066	2	2
C09.009A	9	6328446	6328491	2	2
C09.010A	9	7169915	7169958	2	2
C09.011A	9	8873099	8873545	2	2
C09.012A	9	10405234	10405282	2	2
C09.013A	9	11318552	11318597	2	2
C09.014A	9	16595418	16595460	2	2
C09.016A	9	38771968	38772022	2	2
C09.017A	9	71131148	71131198	2	2
C09.018B	9	98638037	98638079	2	2
C09.019B	9	98857361	98857408	2	2
C09.020B	9	99071328	99071375	2	2
C09.021B	9	99277831	99277878	2	2
C09.022B	9	99636449	99636495	2	2
C09.023B	9	102018803	102018845	2	2
C09.024B	9	103421193	103421239	2	2
C09.025B	9	105188299	105188344	2	2
C09.026B	9	106436645	106436692	2	2
C09.027B	9	108152100	108152141	2	2
C09.029B	9	130742476	130742517	2	2
C09.030B	9	131051029	131051073	2	2
C09.031B	9	131185429	131185472	2	2
C09.032B	9	131331059	131331103	2	2
C09.033B	9	131566358	131566407	2	2
C09.034B	9	139241681	139241722	2	2
C09.035B	9	139300579	139300622	2	2
C09.036B	9	139345719	139345762	2	2
C09.037B	9	139372092	139372141	2	2
C09.038B	9	139432599	139432642	2	2
C09.039A	9	140113340	140113850	2	2
C09.040A	9	140415297	140415339	2	2
C09.041A	9	140519628	140519745	2	2
C09.042A	9	140657192	140657235	2	2
C09.043A	9	140720014	140720058	2	2
C09.044A	9	140785604	140785649	2	2
C09.045A	9	140909200	140909400	2	2
C10.001A	10	147950	147996	2	2
C10.002A	10	230920	230967	2	2
C10.003A	10	267138	267186	2	2
C10.004A	10	321094	321139	2	2
C10.005A	10	823949	823991	2	2
C10.006A	10	1247840	1247881	2	2
C10.007A	10	2379302	2379351	2	2
C10.008B	10	7602423	7602466	2	2
C10.009B	10	8253485	8253528	2	2
C10.010B	10	9227239	9227288	2	2
C10.011B	10	10085265	10085314	2	2
C10.012B	10	11201051	11201096	2	2
C10.014A	10	38431254	38431315	2	2
C10.015A	10	47149178	47149221	2	2
C10.016A	10	48881500	48889100	2	2
C10.017A	10	49431232	49431277	2	2
C10.018A	10	49917093	49917137	2	2
C10.019A	10	50543420	50543465	2	2
C10.020A	10	51008409	51008455	2	2
C10.021A	10	51565190	51565236	2	2
C10.022A	10	82031709	82031753	2	2
C10.023A	10	83108216	83108265	2	2
C10.024A	10	84718731	84718780	2	2
C10.025A	10	86184690	86184736	2	2
C10.026A	10	88124706	88124906	2	2
C10.027B	10	103197740	103197786	2	2
C10.028B	10	103251832	103251880	2	2
C10.029B	10	103312978	103313020	2	2
C10.030B	10	103355932	103355977	2	2
C10.031B	10	103408195	103408240	2	2
C10.032B	10	115821447	115821496	2	2
C10.033B	10	116361660	116361705	2	2
C10.034B	10	116464577	116464625	2	2
C10.035B	10	116584020	116584067	2	2
C10.036B	10	117040946	117040990	2	2
C10.038A	10	130134610	130134652	2	2
C10.039A	10	132158983	132159026	2	2
C10.040A	10	132829513	132829700	2	2
C10.041A	10	134305588	134305636	2	2
C10.042A	10	134424234	134424276	2	2
C10.043A	10	134490326	134490369	2	2
C10.044A	10	134578104	134578143	2	2
C10.045A	10	134840369	134841000	2	2
C11.001B	11	203019	203063	2	2
C11.002B	11	526539	526586	2	2
C11.003B	11	682138	682181	2	2
C11.004A	11	10209508	10210000	2	2
C11.006B	11	26682041	26682089	2	2
C11.007B	11	28303728	28303776	2	2
C11.008B	11	30033600	30033644	2	2
C11.009B	11	31429741	31429788	2	2
C11.010B	11	31632229	31632276	2	2
C11.011B	11	31663391	31663439	2	2
C11.012B	11	31711037	31711083	2	2
C11.013B	11	31746530	31746578	2	2
C11.014B	11	33913373	33913416	2	2
C11.015A	11	43150515	43150559	2	2
C11.016A	11	44284977	44285016	2	2
C11.017A	11	44729705	44729751	2	2
C11.018A	11	45245872	45245916	2	2
C11.019A	11	45745883	45745926	2	2
C11.020A	11	47282159	47282199	2	2
C11.021A	11	50174914	50174961	2	2
C11.022A	11	55170756	55170808	2	2
C11.023B	11	67051689	67051732	2	2
C11.024B	11	67132151	67132196	2	2
C11.025B	11	67226265	67226308	2	2
C11.026B	11	67325734	67325776	2	2
C11.027B	11	67430519	67430558	2	2
C11.028B	11	91083001	91083049	2	2
C11.029B	11	93029326	93029375	2	2
C11.030B	11	94899264	94899309	2	2
C11.031B	11	96123374	96123416	2	2
C11.032B	11	97134399	97134448	2	2
C11.033B	11	104741453	104741501	2	2
C11.034B	11	104931351	104931397	2	2
C11.035B	11	105019198	105019247	2	2
C11.036B	11	105169212	105169256	2	2
C11.037B	11	105396851	105396899	2	2
C11.038B	11	113102890	113102932	2	2
C11.039B	11	116618978	116619022	2	2
C11.040B	11	120186098	120186141	2	2
C11.041B	11	123476044	123476090	2	2
C11.042A	11	126079460	126079505	2	2
C11.043A	11	128329315	128329358	2	2
C11.044A	11	130848693	130848737	2	2
C11.045A	11	132285168	132285213	2	2
C11.046A	11	133710552	133710597	2	2
C11.047A	11	134322690	134322866	2	2
C11.048A	11	134359580	134359730	2	2
C11.049A	11	134401450	134401493	2	2
C11.050A	11	134444167	134444212	2	2
C11.051A	11	134604970	134605016	2	2
C12.001A	12	432771	432812	2	2
C12.002A	12	1137375	1137424	2	2
C12.003A	12	1354114	1354160	2	2
C12.004A	12	1604917	1604966	2	2
C12.005A	12	2257998	2258042	2	2
C12.006A	12	2684259	2684304	2	2
C12.007A	12	3649872	3649915	2	2
C12.008A	12	6437329	6437372	2	2
C12.009A	12	11803934	11804234	2	2
C12.010A	12	15773813	15773859	2	2
C12.011A	12	20799767	20799810	2	2
C12.012B	12	21931783	21931830	2	2
C12.013B	12	23811449	23811496	2	2
C12.014B	12	23854661	23854709	2	2
C12.015B	12	23923089	23923133	2	2
C12.016B	12	24390755	24390803	2	2
C12.017A	12	34754897	34754937	2	2
C12.018A	12	38641011	38641057	2	2
C12.019B	12	65626685	65626736	2	2
C12.020B	12	66221802	66221848	2	2
C12.021B	12	66747196	66747242	2	2
C12.022B	12	67507084	67507126	2	2
C12.023B	12	70523573	70523621	2	2
C12.024B	12	70788047	70788095	2	2
C12.025B	12	70906996	70907044	2	2
C12.026B	12	70954554	70954599	2	2
C12.027B	12	71314318	71314363	2	2
C12.028B	12	80829474	80829519	2	2
C12.029B	12	80936553	80936598	2	2
C12.030B	12	81013164	81013208	2	2
C12.031B	12	81101585	81101629	2	2
C12.032B	12	81294973	81295016	2	2
C12.034B	12	122079842	122079882	2	2
C12.035B	12	122332565	122332607	2	2
C12.036B	12	122618430	122618473	2	2
C12.037B	12	122962416	122962461	2	2
C12.038B	12	132418004	132418048	2	2
C12.039B	12	132866659	132866700	2	2
C12.040B	12	133197588	133197632	2	2
C12.041B	12	133481365	133481405	2	2
C13.001B	13	20665582	20665625	2	2
C13.002B	13	20823823	20823866	2	2
C13.003B	13	20978130	20978172	2	2
C13.004B	13	21071166	21071211	2	2
C13.005B	13	21635906	21635953	2	2
C13.006B	13	21966838	21966883	2	2
C13.007B	13	32162228	32162275	2	2
C13.008B	13	32605534	32605575	2	2
C13.009B	13	32977186	32977235	2	2
C13.010B	13	33130142	33130190	2	2
C13.011B	13	33334774	33334821	2	2
C13.012B	13	45801499	45801548	2	2
C13.013B	13	47691920	47691968	2	2
C13.014B	13	48348595	48348641	2	2
C13.015B	13	48877914	48877961	2	2
C13.016B	13	51418040	51418081	2	2
C13.017B	13	83181753	83181801	2	2
C13.018B	13	84522086	84522133	2	2
C13.019B	13	84764316	84764364	2	2
C13.020B	13	85007834	85007882	2	2
C13.021B	13	85669484	85669528	2	2
C13.022B	13	94375566	94375615	2	2
C13.023B	13	95055620	95055664	2	2
C13.024B	13	95583978	95584021	2	2
C13.025B	13	96232984	96233031	2	2
C13.026B	13	97085446	97085491	2	2
C13.028A	13	109459043	109459089	2	2
C13.029A	13	111009814	111009858	2	2
C13.030A	13	112290174	112290221	2	2
C13.031A	13	113153159	113153202	2	2
C13.032A	13	113615974	113616015	2	2
C13.033A	13	113990966	113991009	2	2
C13.034A	13	114322177	114322218	2	2
C13.035A	13	114544377	114544419	2	2
C14.001A	14	21574805	21574851	2	2
C14.002A	14	21697784	21697833	2	2
C14.003A	14	21795779	21795825	2	2
C14.004A	14	21883886	21883929	2	2
C14.005A	14	21996913	21996959	2	2
C14.006A	14	30335002	30335051	2	2
C14.007B	14	36036461	36036505	2	2
C14.008B	14	36169374	36169421	2	2
C14.009B	14	36340631	36340678	2	2
C14.010B	14	36480515	36480557	2	2
C14.011B	14	36789680	36789725	2	2
C14.012A	14	37126916	37126956	2	2
C14.013A	14	41092996	41093044	2	2
C14.014B	14	52118664	52118705	2	2
C14.015B	14	52999586	52999630	2	2
C14.016B	14	53589047	53589090	2	2
C14.017B	14	54417317	54417358	2	2
C14.018B	14	79560166	79560214	2	2
C14.019B	14	79791301	79791349	2	2
C14.020B	14	79860534	79860582	2	2
C14.021B	14	79905454	79905500	2	2
C14.023B	14	95679599	95679641	2	2
C14.024B	14	96722543	96722588	2	2
C14.025B	14	97619772	97619820	2	2
C14.026B	14	98542901	98542945	2	2
C14.027B	14	99927550	99927599	2	2
C14.028B	14	101405191	101405239	2	2
C14.029A	14	104897912	104898112	2	2
C14.030A	14	105375741	105375785	2	2
C14.031A	14	106033975	106034016	2	2
C14.032A	14	106153701	106153741	2	2
C14.033A	14	106252730	106252775	2	2
C14.034A	14	106398075	106398120	2	2
C14.035A	14	106509825	106509872	2	2
C15.001A	15	23889282	23889324	2	2
C15.002A	15	24924363	24924406	2	2
C15.003A	15	25931122	25931164	2	2
C15.004A	15	26726233	26726282	2	2
C15.005A	15	27918053	27918097	2	2
C15.006A	15	31324078	31324920	2	2
C15.007A	15	31460682	31460729	2	2
C15.008A	15	31570595	31570639	2	2
C15.009A	15	31727148	31727197	2	2
C15.010A	15	31851189	31851230	2	2
C15.011A	15	32066389	32066431	2	2
C15.012A	15	32149039	32149080	2	2
C15.013A	15	32271149	32271191	2	2
C15.014A	15	32376176	32376222	2	2
C15.015A	15	32410665	32410711	2	2
C15.016A	15	32440440	32440485	2	2
C15.017B	15	36872001	36872041	2	2
C15.018B	15	37420649	37420692	2	2
C15.019B	15	38243550	38243599	2	2
C15.020B	15	38765741	38765787	2	2
C15.021B	15	39267485	39267525	2	2
C15.022B	15	74627382	74627428	2	2
C15.023B	15	75337227	75337271	2	2
C15.024B	15	75644990	75645034	2	2
C15.025B	15	75706577	75706625	2	2
C15.026B	15	83350209	83350252	2	2
C15.027B	15	83925003	83925051	2	2
C15.028B	15	84541289	84541336	2	2
C15.030A	15	98374415	98374462	2	2
C15.031A	15	99564883	99564929	2	2
C15.032A	15	100015431	100016077	2	2
C15.033A	15	100642826	100642869	2	2
C15.034A	15	101191553	101191600	2	2
C15.035A	15	101887270	101887317	2	2
C16.001A	16	495568	495613	2	2
C16.002A	16	595980	596021	2	2
C16.003A	16	695822	695868	2	2
C16.004A	16	796817	796857	2	2
C16.005A	16	1134937	1134982	2	2
C16.006A	16	1406708	1406748	2	2
C16.007A	16	1715084	1716000	2	2
C16.008A	16	3623467	3623515	2	2
C16.009A	16	3704456	3704498	2	2
C16.010B	16	3731103	3731147	2	2
C16.011B	16	3742119	3742166	2	2
C16.012B	16	3752215	3752260	2	2
C16.013A	16	3777143	3777186	2	2
C16.014A	16	3852683	3852732	2	2
C16.015A	16	3904573	3904617	2	2
C16.016A	16	3985359	3985402	2	2
C16.017B	16	6800121	6800165	2	2
C16.018B	16	6858527	6858576	2	2
C16.019B	16	6940948	6940997	2	2
C16.020B	16	7017362	7017407	2	2
C16.022A	16	15057818	15057934	2	2
C16.023A	16	15166722	15166766	2	2
C16.024A	16	15507525	15507574	2	2
C16.025A	16	15623634	15623682	2	2
C16.026A	16	15644149	15644192	2	2
C16.027A	16	15741109	15741154	2	2
C16.028A	16	15847274	15847318	2	2
C16.029A	16	15911493	15911543	2	2
C16.030A	16	16169623	16169666	2	2
C16.031A	16	16235196	16235242	2	2
C16.032A	16	17406934	17406976	2	2
C16.033A	16	21995515	21995558	2	2
C16.034A	16	22826377	22826420	2	2
C16.035A	16	24046739	24046780	2	2
C16.036A	16	25189464	25189511	2	2
C16.037A	16	26147171	26147216	2	2
C16.038A	16	27214878	27214917	2	2
C16.039A	16	28846059	28846101	2	2
C16.040A	16	28875567	28875608	2	2
C16.041A	16	28916053	28916092	2	2
C16.042A	16	28943373	28943417	2	2
C16.043A	16	29008389	29008431	2	2
C16.044A	16	29674322	29674364	2	2
C16.045A	16	29703000	29703413	2	2
C16.046A	16	29791589	29791632	2	2
C16.047A	16	29891312	29891355	2	2
C16.048B	16	29938189	29938232	2	2
C16.049A	16	29974854	29974895	2	2
C16.050B	16	30035816	30035858	2	2
C16.051A	16	30096125	30096169	2	2
C16.052B	16	30157260	30157306	2	2
C16.053A	16	35146871	35146923	2	2
C16.054A	16	48180439	48180485	2	2
C16.055A	16	50014244	50014287	2	2
C16.056A	16	50391544	50391585	2	2
C16.057A	16	50828283	50828327	2	2
C16.058A	16	51254168	51254215	2	2
C16.059A	16	51581903	51581952	2	2
C16.060A	16	52060303	52060343	2	2
C16.061B	16	66584186	66584230	2	2
C16.062B	16	66755761	66755807	2	2
C16.063B	16	67040663	67040710	2	2
C16.064B	16	67380212	67380260	2	2
C16.065B	16	67681200	67681250	2	2
C16.067B	16	83711831	83711875	2	2
C16.068B	16	83842045	83842086	2	2
C16.069B	16	84088134	84088177	2	2
C16.070B	16	84363268	84363315	2	2
C16.071B	16	84695678	84695719	2	2
C16.072A	16	85953529	85953570	2	2
C16.073A	16	86828223	86828268	2	2
C16.074A	16	87981889	87981935	2	2
C17.001A	17	136407	136450	2	2
C17.002A	17	417906	417949	2	2
C17.003B	17	902150	902194	2	2
C17.004A	17	1050066	1050109	2	2
C17.005B	17	1080406	1080454	2	2
C17.006B	17	1092265	1092311	2	2
C17.007B	17	1106502	1106542	2	2
C17.008A	17	1556842	1556891	2	2
C17.009A	17	1606627	1606671	2	2
C17.010A	17	1655957	1655998	2	2
C17.011A	17	1713495	1713542	2	2
C17.012A	17	1780541	1780584	2	2
C17.013A	17	1824327	1824370	2	2
C17.014A	17	1887239	1887283	2	2
C17.015A	17	1985134	1985175	2	2
C17.016A	17	2194791	2194834	2	2
C17.017A	17	2586021	2586067	2	2
C17.018B	17	7656091	7656135	2	2
C17.019B	17	7793887	7793932	2	2
C17.020B	17	7889841	7889888	2	2
C17.021B	17	8128572	8128615	2	2
C17.022A	17	14249295	14249337	2	2
C17.023A	17	14667192	14667235	2	2
C17.024A	17	15133228	15133272	2	2
C17.025A	17	15154309	15154752	2	2
C17.026A	17	15168630	15168676	2	2
C17.027A	17	15405970	15406018	2	2
C17.028A	17	16878282	16878328	2	2
C17.029A	17	17398080	17398123	2	2
C17.030B	17	17485622	17485664	2	2
C17.031B	17	17991327	17991374	2	2
C17.032B	17	18047066	18047105	2	2
C17.033A	17	18111932	18111975	2	2
C17.034B	17	18156650	18156692	2	2
C17.035B	17	18193595	18193643	2	2
C17.036A	17	18761462	18761504	2	2
C17.037A	17	19619750	19619794	2	2
C17.038A	17	19700758	19700801	2	2
C17.039A	17	19727404	19727451	2	2
C17.040A	17	29159152	29159194	2	2
C17.041A	17	29422423	29422463	2	2
C17.042A	17	29576055	29576101	2	2
C17.043A	17	29665048	29665097	2	2
C17.044A	17	29865214	29865261	2	2
C17.045A	17	30179949	30179993	2	2
C17.046A	17	34956912	34956953	2	2
C17.047A	17	35442282	35442330	2	2
C17.048A	17	35722387	35722431	2	2
C17.049A	17	36046495	36046538	2	2
C17.050A	17	36076637	36076681	2	2
C17.051A	17	36099575	36099620	2	2
C17.052A	17	43785207	43785251	2	2
C17.053A	17	43865017	43865065	2	2
C17.054A	17	43972594	43972636	2	2
C17.055A	17	44017190	44018190	2	2
C17.056A	17	44205570	44205614	2	2
C17.057A	17	44270150	44270592	2	2
C17.058A	17	61082335	61082378	2	2
C17.060B	17	78789316	78789360	2	2
C17.061B	17	80038402	80038443	2	2
C17.062B	17	80390309	80390350	2	2
C17.063B	17	81044318	81044362	2	2
C18.001A	18	158956	159002	2	2
C18.002A	18	180282	180330	2	2
C18.003A	18	225783	225829	2	2
C18.004A	18	251400	251448	2	2
C18.005A	18	274185	274230	2	2
C18.006A	18	732549	732596	2	2
C18.007A	18	1219712	1219759	2	2
C18.008A	18	1707549	1707592	2	2
C18.009A	18	2892231	2892275	2	2
C18.010A	18	3496226	3496700	2	2
C18.011A	18	5144351	5144398	2	2
C18.012A	18	6522009	6522056	2	2
C18.013A	18	7909833	7909881	2	2
C18.014A	18	9400459	9400503	2	2
C18.015A	18	12155483	12155524	2	2
C18.016A	18	13387718	13387761	2	2
C18.017A	18	18544758	18544807	2	2
C18.018B	18	35857930	35857977	2	2
C18.019B	18	36382392	36382438	2	2
C18.020B	18	37066864	37066913	2	2
C18.021B	18	37662190	37662233	2	2
C18.022B	18	38417404	38417447	2	2
C18.023B	18	41869833	41869880	2	2
C18.024B	18	43207002	43207045	2	2
C18.025B	18	43422429	43422473	2	2
C18.026B	18	43619953	43619998	2	2
C18.027B	18	44085922	44085965	2	2
C18.028B	18	52981438	52981484	2	2
C18.029B	18	53007247	53007295	2	2
C18.030B	18	53089477	53089523	2	2
C18.031B	18	53140428	53140474	2	2
C18.032B	18	53191948	53191990	2	2
C18.034A	18	63205000	63205500	2	2
C18.035A	18	65179923	65179970	2	2
C18.036A	18	66344362	66344406	2	2
C18.037A	18	67957850	67958050	2	2
C18.038A	18	70410500	70410860	2	2
C18.039A	18	72997477	72997996	2	2
C18.040A	18	74178970	74179015	2	2
C18.041A	18	75055097	75055145	2	2
C18.042A	18	75852113	75852157	2	2
C18.043A	18	77005200	77005500	2	2
C18.044A	18	77733393	77733439	2	2
C18.045A	18	77806516	77806556	2	2
C18.046A	18	77868107	77868507	2	2
C18.047A	18	77915491	77915534	2	2
C18.048A	18	77981673	77981715	2	2
C19.001B	19	1014205	1014251	2	2
C19.002B	19	1194495	1194534	2	2
C19.003B	19	1207165	1207206	2	2
C19.004B	19	1228428	1228467	2	2
C19.005B	19	1271170	1271214	2	2
C19.006A	19	4046120	4046335	2	2
C19.007A	19	4075274	4075514	2	2
C19.008A	19	4078649	4078692	2	2
C19.009A	19	4095091	4095133	2	2
C19.010A	19	4268929	4268971	2	2
C19.011A	19	4498829	4498872	2	2
C19.012A	19	4748148	4748191	2	2
C19.013A	19	13033295	13033338	2	2
C19.014A	19	13084514	13084558	2	2
C19.015A	19	13184232	13184277	2	2
C19.016A	19	13282936	13282980	2	2
C19.017A	19	13345733	13345775	2	2
C19.018A	19	13424848	13424892	2	2
C19.019A	19	24229095	24229144	2	2
C19.020A	19	28265649	28265704	2	2
C19.021B	19	31765915	31765960	2	2
C19.022B	19	33597609	33597656	2	2
C19.023B	19	35447682	35447725	2	2
C19.024B	19	37854739	37854784	2	2
C19.026B	19	56019924	56019967	2	2
C19.027B	19	56981870	56981916	2	2
C19.028B	19	57120560	57120606	2	2
C19.029B	19	57481294	57481342	2	2
C19.030B	19	57946726	57946774	2	2
C20.001A	20	80185	80228	2	2
C20.002A	20	123262	123310	2	2
C20.003A	20	199673	199721	2	2
C20.004A	20	244807	244853	2	2
C20.005A	20	307543	307588	2	2
C20.006A	20	594140	594183	2	2
C20.007A	20	825337	825376	2	2
C20.008A	20	1147105	1147151	2	2
C20.009B	20	7222318	7222366	2	2
C20.010B	20	7549239	7549285	2	2
C20.011B	20	8113013	8113052	2	2
C20.012B	20	8582674	8582720	2	2
C20.013B	20	10864848	10864895	2	2
C20.014B	20	13491572	13491619	2	2
C20.015B	20	14318285	14318331	2	2
C20.016B	20	16828392	16828441	2	2
C20.017A	20	25732636	25732684	2	2
C20.018A	20	29844930	29844982	2	2
C20.019B	20	33293158	33293202	2	2
C20.020B	20	33703250	33703295	2	2
C20.021B	20	33859484	33859528	2	2
C20.022B	20	33981567	33981616	2	2
C20.023B	20	34430551	34430594	2	2
C20.025B	20	48787469	48787512	2	2
C20.026B	20	49455543	49455586	2	2
C20.027B	20	49626830	49626874	2	2
C20.028B	20	49735818	49735861	2	2
C20.029B	20	50012035	50012078	2	2
C20.030A	20	58301569	58301612	2	2
C20.031A	20	61432304	61432346	2	2
C20.033A	20	62080193	62080236	2	2
C20.034A	20	62095943	62095985	2	2
C20.035A	20	62120000	62120300	2	2
C20.036A	20	62149611	62149655	2	2
C20.037A	20	62376668	62376968	2	2
C20.038A	20	62643052	62643095	2	2
C21.001B	21	15843921	15843970	2	2
C21.002B	21	16906059	16906104	2	2
C21.003B	21	17476135	17476181	2	2
C21.004B	21	17943380	17943426	2	2
C21.005B	21	18296047	18296093	2	2
C21.006B	21	19207970	19208017	2	2
C21.007B	21	25400461	25400509	2	2
C21.008B	21	25669674	25669723	2	2
C21.009B	21	25740240	25740287	2	2
C21.010B	21	25816327	25816373	2	2
C21.011B	21	26408324	26408370	2	2
C21.012B	21	39427006	39427052	2	2
C21.013B	21	39670108	39670151	2	2
C21.014B	21	39897597	39897640	2	2
C21.015B	21	40219155	40219200	2	2
C21.016A	21	44180501	44180543	2	2
C21.017A	21	44969884	44970364	2	2
C21.018A	21	45848740	45848786	2	2
C21.019A	21	46795329	46795369	2	2
C21.020A	21	47033590	47033790	2	2
C21.021A	21	47279035	47279077	2	2
C21.022A	21	47609600	47609641	2	2
C21.023A	21	47865495	47865537	2	2
C22.001A	22	17466043	17466090	2	2
C22.002A	22	17770266	17770315	2	2
C22.003A	22	18031485	18032100	2	2
C22.004A	22	18243525	18243567	2	2
C22.005A	22	18466344	18466392	2	2
C22.006A	22	19124024	19124067	2	2
C22.007A	22	19745034	19745250	2	2
C22.008A	22	19758099	19758139	2	2
C22.009A	22	19766646	19766694	2	2
C22.010A	22	20094119	20094163	2	2
C22.011A	22	20748457	20748498	2	2
C22.012A	22	21098944	21098987	2	2
C22.013A	22	21153673	21153718	2	2
C22.014A	22	21212897	21212936	2	2
C22.015A	22	21269810	21269858	2	2
C22.016A	22	21335500	21335539	2	2
C22.017A	22	21366404	21366452	2	2
C22.018A	22	21411092	21411321	2	2
C22.019A	22	21976297	21976340	2	2
C22.020A	22	22343122	22343166	2	2
C22.021A	22	22518530	22519000	2	2
C22.022A	22	22536619	22536659	2	2
C22.023B	22	22763784	22763831	2	2
C22.024B	22	22839235	22839284	2	2
C22.025B	22	23022042	23022087	2	2
C22.026A	22	23210436	23210483	2	2
C22.027B	22	23315479	23315530	2	2
C22.028B	22	23420948	23420992	2	2
C22.029B	22	23511252	23511297	2	2
C22.030A	22	23635392	23635434	2	2
C22.031A	22	24106281	24106321	2	2
C22.032B	22	28144785	28144830	2	2
C22.033B	22	31328370	31328416	2	2
C22.034B	22	39003433	39003478	2	2
C22.035B	22	40859404	40859449	2	2
C22.036B	22	42767248	42767290	2	2
C22.037B	22	44892363	44892404	2	2
C22.038A	22	47990810	47990855	2	2
C22.039A	22	49301535	49301735	2	2
C22.040A	22	50627936	50627977	2	2
C22.041A	22	50832430	50832476	2	2
C22.042A	22	50928453	50928498	2	2
C22.043A	22	51061327	51061374	2	2
C22.044A	22	51127187	51127228	2	2
C22.045A	22	51140581	51140622	2	2
C22.046A	22	51148739	51148781	2	2
C22.047A	22	51154296	51154342	2	2
C23.001A	X	591774	591813	2	2
C23.002A	X	595368	595407	2	2
C23.003A	X	601730	601770	2	2
C23.004A	X	682004	682052	2	2
C23.005A	X	811390	811434	2	2
C23.006A	X	817291	817344	2	2
C23.007A	X	823147	823192	2	2
C23.008A	X	838559	838603	2	2
C23.009A	X	846100	846143	2	2
C23.010B	X	2931083	2931127	2	1
C23.011B	X	3012138	3012182	2	1
C23.012B	X	3120517	3120565	2	1
C23.013B	X	3248508	3248557	2	1
C23.014B	X	3345140	3345187	2	1
C23.015A	X	6456244	6456288	2	1
C23.016B	X	6724148	6724194	2	1
C23.017B	X	6757247	6757293	2	1
C23.018B	X	6764550	6764595	2	1
C23.019B	X	6774667	6774713	2	1
C23.020A	X	7151842	7151885	2	1
C23.021A	X	7368824	7368868	2	1
C23.022A	X	7698923	7698971	2	1
C23.023A	X	7867808	7867853	2	1
C23.024B	X	8530404	8530455	2	1
C23.025B	X	9035829	9035871	2	1
C23.026B	X	9159947	9159989	2	1
C23.027B	X	9275150	9275198	2	1
C23.029B	X	18669433	18669485	2	1
C23.030B	X	18683248	18683290	2	1
C23.031B	X	18700415	18700456	2	1
C23.032B	X	18764036	18764084	2	1
C23.033B	X	31763407	31763449	2	1
C23.034B	X	31787994	31788041	2	1
C23.035B	X	31812450	31812495	2	1
C23.036B	X	31850596	31850645	2	1
C23.037B	X	32242847	32242893	2	1
C23.038B	X	32299019	32299065	2	1
C23.039B	X	32325079	32325125	2	1
C23.040B	X	32356872	32356919	2	1
C23.041B	X	32680611	32680660	2	1
C23.042B	X	32721135	32721177	2	1
C23.043B	X	32761849	32761897	2	1
C23.044B	X	41401991	41402034	2	1
C23.045B	X	41586838	41586884	2	1
C23.046B	X	41714600	41714646	2	1
C23.047A	X	48316953	48316997	2	1
C23.048A	X	48979090	48979129	2	1
C23.049A	X	49956999	49957040	2	1
C23.050A	X	51079149	51079197	2	1
C23.051A	X	52001165	52001212	2	1
C23.052A	X	53431994	53432036	2	1
C23.053A	X	53559921	53559970	2	1
C23.054B	X	53585675	53585718	2	1
C23.055B	X	53611259	53611305	2	1
C23.056A	X	53642720	53642765	2	1
C23.057A	X	53707013	53707057	2	1
C23.058A	X	53846658	53846704	2	1
C23.059A	X	58081176	58081222	2	1
C23.060B	X	66960969	66961018	2	1
C23.061B	X	67283874	67283914	2	1
C23.062B	X	67412768	67412811	2	1
C23.063B	X	67515815	67515858	2	1
C23.064B	X	81022032	81022077	2	1
C23.065B	X	81546978	81547026	2	1
C23.066B	X	82322906	82322952	2	1
C23.067B	X	83116155	83116200	2	1
C23.068B	X	84344520	84344568	2	1
C23.069A	X	94251745	94251794	2	1
C23.070A	X	96854820	96854867	2	1
C23.071A	X	99883433	99883482	2	1
C23.072A	X	102674166	102674215	2	1
C23.073A	X	102884987	102885029	2	1
C23.074A	X	102965909	102965952	2	1
C23.075A	X	103031524	103031567	2	1
C23.076A	X	103041488	103041531	2	1
C23.077A	X	103045578	103045623	2	1
C23.078A	X	103222592	103222637	2	1
C23.080B	X	139399798	139399841	2	1
C23.081B	X	139513280	139513325	2	1
C23.082B	X	139600737	139600782	2	1
C23.083B	X	139732334	139732382	2	1
C23.084B	X	139766549	139766594	2	1
C23.086A	X	153137657	153137700	2	1
C23.087A	X	153289500	153289760	2	1
C23.088A	X	153303205	153303248	2	1
C23.089A	X	153325289	153325331	2	1
C23.090A	X	153357691	153357738	2	1
C23.091A	X	153523379	153523422	2	1
C23.092B	X	153576985	153577027	2	1
C23.093B	X	153940643	153940690	2	1
C23.094B	X	154213037	154213084	2	1
C23.095B	X	154275274	154275322	2	1
C23.096B	X	154305090	154305139	2	1
C23.097B	X	154445678	154445722	2	1
C24.001B	Y	2088466	2088511	0	1
C24.002B	Y	2655427	2655466	0	1
C24.003B	Y	2734279	2734327	0	1
C24.004B	Y	2803627	2803668	0	1
C24.005B	Y	2838497	2838543	0	1
C24.006B	Y	3447115	3447167	0	1
C24.007B	Y	5424340	5424398	0	1
C24.008B	Y	6899258	6899307	0	1
C24.009B	Y	8590176	8590222	0	1
C24.010A	Y	14607424	14607468	0	1
C24.011A	Y	14790182	14790227	0	1
C24.012A	Y	14821385	14821429	0	1
C24.013A	Y	15016719	15016760	0	1
C24.014A	Y	19357389	19357439	0	1
C24.015A	Y	21153871	21153934	0	1
C24.016A	Y	21868114	21868070	0	1
C24.017A	Y	22923225	22923276	0	1
C24.018A	Y	23545443	23545401	0	1
C24.019A	Y	24523602	24523668	0	1
C24.020A	Y	24875782	24875711	0	1
C24.021A	Y	25276257	25276207	0	4
C24.022A	Y	25341856	25341814	0	4
C24.023A	Y	26191389	26191327	0	4
C24.024A	Y	28789286	28789429	0	1
chr1_q21M	1	229210488	229210536	2	2
chr10_p20M	10	20232009	20232063	2	2
chr10_q21M	10	115430966	115431017	2	2
chr11_p20M	11	20210061	20210250	2	2
chr11_p2M	11	192237	192285	2	2
chr11_q20M	11	114942473	114942518	2	2
chr12_q0M	12	133816916	133816957	2	2
chr12_q10M	12	123814281	123814335	2	2
chr12_q20M	12	113811833	113811886	2	2
chr13_Cq10M	13	29506638	29506686	2	2
chr13_Cq2M	13	19809445	19809487	2	2
chr13_q20M	13	95071016	95071068	2	2
chr14_q20M	14	87254141	87254192	2	2
chr15_q21M	15	82379745	82379957	2	2
chr16_q20M	16	69976402	69976451	2	2
chr17_q0M	17	81152030	81152083	2	2
chr17_q10M	17	71151937	71151978	2	2
chr19_q0M	19	59096719	59096763	2	2
chr19_q10M	19	49095064	49095113	2	2
chr2_Cq6M	2	95626922	95626971	2	2
chr2_p20M	2	20035234	20035285	2	2
chr2_q20M	2	223033728	223033783	2	2
chr20_q20M	20	42909647	42909694	2	2
chr21_Cq(_3M)	21	15480220	15480270	2	2
chr21_Cq7M	21	25484162	25484215	2	2
chr21_q20M	21	28089857	28089903	2	2
chr3_p20M	3	20106024	20106074	2	2
chr4_q10M	4	180788717	180788762	2	2
chr4_q20M	4	170787769	170787818	2	2
chr6_p20M	6	20204532	20204748	2	2
chr6_q20M	6	150863821	150863866	2	2
chr8_q10M	8	136292622	136292670	2	2
chr8_q20M	8	126290755	126290805	2	2
chr8_q6M	8	139821396	139821436	2	2
chr9_q20M	9	121008476	121008525	2	2
chrX_q23M	X	131895601	131895646	2	1
chrY_p3M	Y	2654617	2654672	0	1
EoAd_q1m	21	27253916	27253964	2	2
EoAd_q2m	21	27374996	27375038	2	2
EoAd_q3m	21	27447760	27447822	2	2
EoAd_q4m	21	27479110	27479160	2	2
FAP-01	5	112062900	112062955	2	2
FAP-02	5	112092807	112092865	2	2
FAP-03	5	112121457	112121514	2	2
FAP-04	5	112157589	112157635	2	2
xq28_q0m	X	153629388	153629439	2	1
xq28_q1m	X	153671889	153671942	2	1
xq28_q2m	X	153737083	153737132	2	1
xq28_q3m	X	153821054	153821107	2	1